0.6
0.76
1.0
0.8
2.02
4.18
0.96
2.62
0.92
1.3
1.1
2.06
4.34
0.7
2.86
4.5
43.3
0.68
3.02
43.52
1.5
13.2
14.7
1.6
1.4
68.7
1.5
0.7
1.3
1.0
1.8
1.6
1.8
92.3
0.8
3.6
0.9
15.6
65.9
2.2
12.3
2.3
5.6
1.4
2.2
19.2
90.3
1.6
0.9
1.1
3.2
1.1
4.1
35.4
1.06
12.74
14.02
1.6
1.38
68.7
1.22
36.4
0.68
1.22
1.0
1.76
81.3
1.4
1.74
92.02
0.8
3.74
0.92
15.6
2.16
12.22
2.2
5.14
1.28
2.16
19.48
90.34
1.58
0.64
1.1
3.14
54.04
1.06
4.1
35.4
0.92
1.4
20.8
0.74
1.22
1.0
1.4
1.8
5.64
0.98
2.02
1.62
2.1
46.8
1.04
1.6
1.54
2.92
9.42
20.16
59.66
1.64
2.06
97.48
3.3
88.56
1.96
5.98
1.42
2.04
5.12
0.88
5.46
0.98
6.8
1.0
4.16
13.2
1.35
6.5
92.66
0.78
10.92
0.72
1.1
3.18
1.1
6.78
16.0
0.78
7.6
1.4
2.34
5.2
2.18
2.02
8.06
1.4
1.4
4.7
2.28
1.98
2.6
0.78
6.34
16.2
0.68
1.32
1.06
1.5
13.0
1.06
1.38
2.46
8.28
0.63
0.96
1.94
0.66
0.88
2.22
11.64
0.8
1.1
2.3
3.44
1.08
1.5
1.24
3.04
3.04
6.38
10.0
6.06
11.58
1.74
3.38
2.48
0.92
0.9
40.18
1.16
0.62
1.0
0.74
1.9
4.46
5.54
6.36
18.78
23.06
0.82
1.54
2.5
0.86
1.96
4.44
81.3
0.8
3.68
5.24
85.1
0.64
1.16
1.94
0.72
1.24
76.98
0.76
1.8
1.68
1.18
1.88
3.84
0.66
1.54
9.84
1.26
2.06
3.48
69.72
2.28
4.44
2.22
2.94
5.2
1.1
2.6
8.02
1.76
1.58
2.26
3.14
3.78
5.66
0.76
2.78
4.34
0.72
2.34
